-655.2021548821549 3.0910651432232085E-5 5.805336888118053 4.335217779278165E-4 4.5253147937885735E-4
-644.9646212121212 4.101058020931771E-5 5.759733127574351 5.225930806253491E-4 4.97939669282784E-4
-634.7270875420876 4.355440396273505E-5 5.728986405431239 5.540777417595452E-4 4.963517669380849E-4
-624.4895538720539 4.009528349842364E-5 5.685439858703041 5.518478055255117E-4 4.5263939066265757E-4
-614.2520202020203 3.5710552528879795E-5 5.613602685826916 5.50117272205716E-4 3.8869080353960136E-4
-604.0144865319866 3.489547395943739E-5 5.517404727006664 5.78193782035406E-4 3.3022079237680284E-4
-593.7769528619529 4.002500544216534E-5 5.421010079487676 6.503970954835707E-4 2.9241945930460426E-4
-583.5394191919193 5.182019413045688E-5 5.34008267720216 7.645277042811659E-4 2.7181444129609477E-4
-573.3018855218855 6.96875355151897E-5 5.265225821835667 9.076775774971489E-4 2.4802254554788E-4
-563.0643518518518 9.221466270348121E-5 5.178413878041544 0.0010649337814910313 1.937043248824394E-4
-552.8268181818182 1.1890488015959682E-4 5.069264079100069 0.0012260321301714439 8.691934720753002E-5
-542.5892845117845 1.5194688043449202E-4 4.940370853819146 0.0013870838960619257 -8.070376736165346E-5
-532.3517508417508 1.957886541310919E-4 4.804640473162648 0.0015476513604395343 -3.0382298865799074E-4
-522.1142171717172 2.54657941441026E-4 4.675735889825127 0.0017058677598636475 -5.70520934182437E-4
-511.8766835016835 3.3065011126407205E-4 4.558967615749709 0.0018548230036925131 -8.721272585756991E-4
-501.63914983164983 4.2445998967083673E-4 4.450402680207123 0.0019820963004880503 -0.0012100171228958542
-491.4016161616162 5.383739236663598E-4 4.342257611247967 0.002072150348027743 -0.0015957252041927169
-481.1640824915825 6.79332521219702E-4 4.228746743252276 0.002109654640649571 -0.0020446050569893127
-470.92654882154886 8.595798470553134E-4 4.109078337682352 0.002081542798832484 -0.0025667702750621518
-460.68901515151515 0.0010936338589396634 3.9866327223169105 0.001976693156699132 -0.003160303186158693
-450.4514814814815 0.0013930727924508148 3.865538383158284 0.0017837492547684874 -0.00381018383716987
-440.21394781144784 0.0017633986851911501 3.7476482218161085 0.0014887507203295168 -0.0044930998723622
-429.9764141414141 0.0022069704978232175 3.6319892961976548 0.0010743052312544945 -0.00518515767079555
-419.73888047138047 0.002731759797344744 3.5162568854671474 5.210853462800059E-4 -0.005868220560644499
-409.5013468013468 0.0033607464358136416 3.3987847614146705 -1.8886203235905216E-4 -0.006531712782601304
-399.26381313131316 0.004135504994911472 3.279762328091719 -0.0010683736999525823 -0.007169447495789936
-389.0262794612795 0.005110945747951649 3.1611665497876102 -0.0021223888926958684 -0.00777373981324521
-378.7887457912458 0.006343426040753147 3.0456641090546603 -0.0033468112574446215 -0.008330265473805058
-368.55121212121213 0.00787776684424215 2.935372325884914 -0.004728800296336799 -0.008816292656207635
-358.3136784511785 0.009738083844414368 2.8312637655178943 -0.006247761602611363 -0.009202702576760343
-348.07614478114476 0.011923597826668084 2.7332817471059525 -0.00787640553383283 -0.00945800603722832
-337.8386111111111 0.014407003612982233 2.640718371334385 -0.009581761629340414 -0.009551630364334925
-327.60107744107745 0.017133001640346708 2.5524546532377235 -0.011326512958781284 -0.00945453546214576
-317.3635437710438 0.02001857364402737 2.4669728318727024 -0.013071066089615255 -0.009137128900314822
-307.12601010101014 0.022960797304067842 2.3822757754124138 -0.014776346080706089 -0.00856627204719469
-296.8884764309764 0.02585780846278875 2.2958891087553894 -0.01640670311545037 -0.007703804677979079
-286.65094276094277 0.028642721637397565 2.205045451756245 -0.017931975104933114 -0.00650812177291405
-276.4134090909091 0.03132245349665212 2.107053342954461 -0.019327937977233117 -0.004938492794464626
-266.1758754208754 0.03400919327156732 1.9997854243759199 -0.020575008878439216 -0.0029601455169740404
-255.93834175084174 0.036935449662852775 1.8821779052731746 -0.02165576609224315 -5.476372326091298E-4
-245.7008080808081 0.040452785708647555 1.7546023227250362 -0.022552190777560054 0.002315004335709833
-235.46327441077443 0.045023235388962655 1.6189664930773464 -0.02324334154817606 0.005637027999417801
-225.22574074074075 0.05121403819566884 1.4784598543320406 -0.023703633404903474 0.009424549581632753
-214.98820707070706 0.059698833145148414 1.3369804766818545 -0.023901441482684103 0.013682340651329894
-204.7506734006734 0.07125705133336935 1.1984070200185055 -0.023797770003708734 0.01841197751650257
-194.51313973063975 0.08675644134241697 1.0659381514907675 -0.023345273473729472 0.02360626529117176
-184.27560606060607 0.10710671567416441 0.9416888667718428 -0.022488648310005854 0.029241622169757325
-174.03807239057238 0.13318341674563794 0.8266256094850277 -0.021167779366959422 0.035271042990528724
-163.80053872053873 0.16573279376475133 0.7207892342895859 -0.019324614093617097 0.04162002940821576
-153.56300505050507 0.20527305791688197 0.6236639826450512 -0.016913554859069896 0.04818678251282167
-143.32547138047138 0.25200311604529246 0.5345408118389363 -0.01391367826490174 0.05484668113710967
-133.0879377104377 0.3057233000696777 0.45277681146037274 -0.010340006355462488 0.061460219552858034
-122.85040404040404 0.36577329068037234 0.37792285467269604 -0.006250909763856018 0.06788333610663881
-112.61287037037037 0.43100293257124894 0.309744193989653 -0.0017496012561280833 0.0739791554881065
-102.3753367003367 0.49980207219916145 0.2481810836275491 0.0030208309912115494 0.07963013032582303
-92.13780303030303 0.5702105779900696 0.19329187535189618 0.007887956647854567 0.08474914189331821
-81.90026936026936 0.6401035440804707 0.14520075110782837 0.01266433814040864 0.08928748655116063
-71.66273569023569 0.7074116578587362 0.10405058015818192 0.017163719768367176 0.09323738621466036
-61.42520202020202 0.7703153722599299 0.06994994108451724 0.021217326361513515 0.09662728662389591
-51.18766835016835 0.827358562588061 0.04290668872173242 0.02468865846778021 0.09950991151927083
-40.95013468013468 0.8774584736476515 0.022754989511898138 0.02748498550555009 0.10194536324680996
-30.71260101010101 0.9198264127613334 0.0090990787419436 0.02956341981261754 0.10398355003198473
-20.47506734006734 0.9538416800251733 0.001304370189036952 0.030929535664936197 0.1056508822249584
-10.23753367003367 0.9789327742232604 -0.0014417696082338338 0.03162750520991652 0.10694500111978053
0.0 0.9945137548127536 0.0 0.031722762545146825 0.10783857423223717
10.23753367003367 1.0 0.0048921626984759214 0.031280746120304306 0.10828993718792845
20.47506734006734 0.9948923199409205 0.012784774216838102 0.030347290017195907 0.10825591664449827
30.71260101010101 0.9788878939519198 0.02362243295998212 0.028936697438010146 0.10770157695720808
40.95013468013468 0.9519699415499934 0.03775803158725832 0.027031917057018764 0.10660318826466914
51.18766835016835 0.914449648924083 0.055864000980593076 0.024597879264720207 0.10494382291417663
61.42520202020202 0.866966173604051 0.07876063391247534 0.02160501795038765 0.10270442050395219
71.66273569023569 0.8104696051027879 0.10720370094566434 0.018056693824562105 0.09985554890814188
81.90026936026936 0.7462088405215318 0.1416833276829017 0.014012757045373457 0.09635544560567119
92.13780303030303 0.6757315364881215 0.18227998409068835 0.009602247556616882 0.09215800653479998
102.3753367003367 0.6008893228185456 0.22860366421886802 0.0050208681602773655 0.08723077007375446
112.61287037037037 0.5238302528174056 0.2798163312401476 5.125132970193323E-4 0.08157881550836463
122.85040404040404 0.446949261429914 0.3347157664703486 -0.0036621625894266265 0.07526729929587138
133.0879377104377 0.37276288604534324 0.39185038509136394 -0.007264146666552869 0.06843433015047864
143.32547138047138 0.30369175992022845 0.44964337161471146 -0.010113603016042094 0.06128766791154008
153.56300505050507 0.24177763388509124 0.5065264066159916 -0.01211831682654423 0.05408307056022786
163.80053872053873 0.18840993125426006 0.5611057258681598 -0.013286124771497381 0.04708783190195807
174.03807239057238 0.14415552609439009 0.6123876873526832 -0.013717503358638628 0.040538306004432874
184.27560606060607 0.10875573193590914 0.6600575950013923 -0.013579091020962265 0.03460305089272594
194.51313973063975 0.0812908421838653 0.7047266918967248 -0.013064111008121212 0.02936230665137446
204.7506734006734 0.06045120647582861 0.7479715537411495 -0.012349893670641689 0.02480976677205998
214.98820707070706 0.04482533229625176 0.7919807530296996 -0.011564243366379076 0.02087541350146033
225.22574074074075 0.03312708635461602 0.8387846534959937 -0.010770133441210415 0.01746110926003796
235.46327441077443 0.024321928019844233 0.8893154271362969 -0.009972365937888611 0.014476421167882461
245.7008080808081 0.017654339024013917 0.9427011509619758 -0.009142222305342264 0.011862613596912283
255.93834175084174 0.012607092163676049 0.9961000949050005 -0.008249653606008961 0.009597853246425293
266.1758754208754 0.00883060351483081 1.0451624437701819 -0.0072899974076147496 0.007684431175397555
276.4134090909091 0.006072589255074046 1.0850947682337866 -0.006294895897185925 0.006125987248593461
286.65094276094277 0.004125666359151319 1.11231760187494 -0.005324099993189417 0.004906256946863387
296.8884764309764 0.00280016485912264 1.1265275648266373 -0.004443217203086876 0.003979254083469882
307.12601010101014 0.0019207465028766484 1.1321653574480974 -0.003698462037460947 0.0032748799252187506
317.3635437710438 0.001337372681433506 1.1373850598186825 -0.0031003384322098614 0.0027165203990972085
327.60107744107745 9.372801685560944E-4 1.1498056219586754 -0.002623524895056128 0.002241750426377899
337.8386111111111 6.483590234075756E-4 1.1716851225233933 -0.0022222862521526425 0.001816307244950511
348.07614478114476 4.3250278340111945E-4 1.1979337875460185 -0.0018533511231673004 0.0014353125317047616
358.3136784511785 2.732751194718385E-4 1.2172367575915048 -0.0014949525537316089 0.0011122637728936274
368.55121212121213 1.6317656925558813E-4 1.214857220620332 -0.0011531491203798456 8.622281204270512E-4
378.7887457912458 9.456653999553077E-5 1.1783257248224528 -8.533008367312406E-4 6.880145837366186E-4
389.0262794612795 5.6565352525626107E-5 1.110149246153516 -6.221637613297787E-4 5.758351505759206E-4
399.26381313131316 3.722335953031181E-5 1.0397524794806783 -4.7059775935156444E-4 5.014656634780979E-4
409.5013468013468 2.71236495858218E-5 1.0038359476294518 -3.860829268622664E-4 4.422117663000436E-4
419.73888047138047 2.082200216247156E-5 1.0047768024352957 -3.3863773101440925E-4 3.871331771497246E-4
429.9764141414141 1.598159715506218E-5 1.003855180325698 -2.963645070615613E-4 3.3943688131114953E-4
440.21394781144784 1.2150658813226489E-5 0.9485552389173177 -2.4166013385036313E-4 3.0980134971061085E-4
450.4514814814815 9.834051697336065E-6 0.8167212548796883 -1.7888250241592118E-4 3.04868168933692E-4
460.68901515151515 9.277013021992318E-6 0.6715110606769343 -1.2906687586724806E-4 3.1813205802135643E-4
470.92654882154886 9.565098408274032E-6 0.6208764398214068 -1.1453787763708797E-4 3.292529734841429E-4
481.1640824915825 9.300035745126247E-6 0.7120558341030394 -1.420317762766663E-4 3.130267520752709E-4
491.4016161616162 8.023554852412745E-6 0.9394279448597462 -1.9407011614964182E-4 2.535303209013722E-4
501.63914983164983 6.218133231249038E-6 1.2705042597085594 -2.3411871589676915E-4 1.5553464461369324E-4
511.8766835016835 4.106312479193657E-6 1.6532979554359741 -2.2369313598349084E-4 4.6183157644516664E-5
522.1142171717172 1.7051472009700352E-6 2.098088043629005 -1.4292719183152622E-4 -3.515745306405807E-5
532.3517508417508 2.3581298487762716E-7 3.358748634965388 -3.7706716680857743E-6 -5.4606154661653654E-5
542.5892845117845 1.8119540833654936E-6 4.9959337360777605 1.5172699444718506E-4 -3.8750007178616944E-7
552.8268181818182 6.620268694293084E-6 5.388368246916459 2.6825562226826666E-4 1.1023034806687332E-4
563.0643518518518 1.1612336610429629E-5 5.66561101221655 3.0175508816395E-4 2.376570522284017E-4
573.3018855218855 1.3501055974634517E-5 5.950966901198514 2.400774464685647E-4 3.374853719948465E-4
583.5394191919193 1.2338179530356887E-5 6.288051540748817 1.0988581356641726E-4 3.8037362150556423E-4
593.7769528619529 1.0552071779814614E-5 6.6612880656265085 -3.3639827041176965E-5 3.6460183448545555E-4
604.0144865319866 9.143976176279988E-6 6.959324116835807 -1.295983569725453E-4 3.1524636637672397E-4
614.2520202020203 7.225306497858404E-6 7.035591403910694 -1.362186080917245E-4 2.706352211871139E-4
624.4895538720539 5.618078908634599E-6 6.744853059325585 -4.666584783003688E-5 2.630610003986114E-4
634.7270875420876 8.21010786498393E-6 6.219397929417517 1.1071188097108938E-4 3.034038653678771E-4
644.9646212121212 1.5885199018863138E-5 5.925077953873048 2.698026129055342E-4 3.5920900647958335E-4
